-7.876957207918167114e-02
-8.974041044712066650e-02
1.676245927810668945e-01
-2.727794833481311798e-02
-7.674158364534378052e-02
-2.797662913799285889e-01
-1.294259913265705109e-02
-9.711693227291107178e-02
-2.020461112260818481e-02
-1.741265892982482910e+00
-8.846070617437362671e-02
-5.684866383671760559e-02
-1.560019887983798981e-02
-1.405148860067129135e-02
-6.607312243431806564e-03
-1.632779240608215332e-01
-6.362647563219070435e-02
-5.457010492682456970e-02
-7.423692196607589722e-02
-6.571830064058303833e-02
1.652264036238193512e-02
-2.223764173686504364e-02
-1.034092068672180176e+00
-9.082067990675568581e-04
-1.220619454979896545e-01
-5.680896341800689697e-03
-3.572599589824676514e-01
-3.778897225856781006e-01
-1.066868081688880920e-01
-3.277392387390136719e-01
-5.169065594673156738e-01
-2.273294515907764435e-02
-6.690949201583862305e-02
-5.114305615425109863e-01
-4.055021330714225769e-02
-8.415151387453079224e-02
3.307079896330833435e-02
-3.064211905002593994e-01
-5.029693990945816040e-02
-2.620537765324115753e-02
-8.600556105375289917e-02
-3.852183744311332703e-02
-4.839121177792549133e-02
-1.368695124983787537e-02
2.395130246877670288e-01
-9.542399644851684570e-02
-2.661277651786804199e-01
-3.362488150596618652e-01
-1.058364957571029663e-01
-6.149886175990104675e-02
-1.007248759269714355e+00
-1.979355514049530029e-02
1.758295595645904541e-01
-9.692826122045516968e-02
-1.150131821632385254e-01
-1.277260184288024902e+00
-1.411168724298477173e-01
-4.325708001852035522e-02
-1.265761554241180420e-01
-9.661844372749328613e-02
-3.978233039379119873e-01
-6.335446983575820923e-02
-9.910611063241958618e-02
-1.147089824080467224e-01
-2.019317299127578735e-01
-3.761469721794128418e-01
-4.651026055216789246e-02
-5.006412267684936523e-01
-8.894749917089939117e-03
-1.046576797962188721e-01
-1.116341352462768555e-01
-1.339189261198043823e-01
-1.205585524439811707e-01
-6.447897851467132568e-02
-9.995271451771259308e-03
-1.338867396116256714e-01
-4.543984234333038330e-01
-7.795127481222152710e-02
-1.144939064979553223e-01
-5.325445532798767090e-02
-7.149527221918106079e-02
-5.235674977302551270e-01
-1.517997533082962036e-01
-5.280596017837524414e-01
-1.020949892699718475e-02
-7.151705771684646606e-02
-5.127785727381706238e-02
-7.289110124111175537e-02
-2.204978615045547485e-01
-3.068817034363746643e-02
-8.368834108114242554e-02
-2.887713611125946045e-01
8.740491420030593872e-02
-3.426633775234222412e-01
-6.404086202383041382e-02
-1.037011146545410156e-01
-9.247742593288421631e-03
-4.784693121910095215e-01
-7.272606343030929565e-02
-1.850814521312713623e-01
-1.269882917404174805e-01
-8.721408993005752563e-02
-9.816757589578628540e-02
-9.476977586746215820e-01
-4.297008514404296875e-01
-7.348436862230300903e-02
5.518764257431030273e-02
-7.826995849609375000e-02
-1.483251620084047318e-02
3.387329727411270142e-02
-1.001958370208740234e+00
8.332812041044235229e-02
-5.799654722213745117e-01
-6.824562698602676392e-02
-2.515988051891326904e-01
-1.297991037368774414e+00
-5.162971094250679016e-02
-9.626793861389160156e-01
-7.790774852037429810e-02
-4.185373708605766296e-02
-2.472650632262229919e-02
-1.283838786184787750e-02
2.388838231563568115e-01
-9.585533291101455688e-02
-4.876643419265747070e-01
-1.029281318187713623e-01
-4.022125154733657837e-02
-3.129126429557800293e-01
