-1.266733258962631226e-01
-4.557727277278900146e-01
-2.233329713344573975e-01
1.637773364782333374e-01
-1.592433810234069824e+00
-1.080812811851501465e+00
-4.587729275226593018e-02
-7.096835374832153320e-01
-1.309772372245788574e+00
-1.294916987419128418e+00
-4.158332347869873047e-01
-8.311252593994140625e-01
-5.347976088523864746e-01
-5.632677674293518066e-01
-2.250708103179931641e+00
-1.696549654006958008e+00
-1.856745958328247070e+00
2.675161957740783691e-01
-7.870727181434631348e-01
-1.767803549766540527e+00
-6.339280009269714355e-01
-4.104517102241516113e-01
-1.646293401718139648e+00
-1.366130948066711426e+00
-2.072814226150512695e+00
-4.759750068187713623e-01
-2.308943569660186768e-01
-6.715883016586303711e-01
9.531931579113006592e-02
-2.504505813121795654e-01
-7.097471952438354492e-01
-7.951859831809997559e-01
-1.201373815536499023e+00
-8.729900121688842773e-01
-2.458668708801269531e+00
-1.496345251798629761e-01
6.047811508178710938e-01
-1.618074655532836914e+00
-6.471855044364929199e-01
-1.339070320129394531e+00
-4.916112124919891357e-01
-5.131147503852844238e-01
-2.108169555664062500e+00
-1.232521295547485352e+00
-2.085706293582916260e-01
-5.286469459533691406e-01
-4.428043663501739502e-01
-7.741094827651977539e-01
-1.317387342453002930e+00
-2.571705579757690430e-01
-3.334650099277496338e-01
-1.174649715423583984e+00
-2.932821989059448242e+00
-1.572695732116699219e+00
-1.223057508468627930e+00
-8.257161974906921387e-01
-6.497764587402343750e-02
-1.132019400596618652e+00
-5.507618784904479980e-01
-8.237603306770324707e-01
-4.795836657285690308e-02
-6.740086674690246582e-01
-9.668865799903869629e-01
-1.031772613525390625e+00
-1.838903069496154785e+00
-7.104356884956359863e-01
-3.602839633822441101e-02
-9.733900427818298340e-01
-2.132008790969848633e+00
-5.063776373863220215e-01
-1.151035785675048828e+00
-1.690975666046142578e+00
-4.949937164783477783e-01
-3.473373055458068848e-01
-1.460418820381164551e+00
-4.253283143043518066e-01
-2.187258005142211914e+00
-7.164309620857238770e-01
-1.074572205543518066e+00
-2.911086797714233398e+00
4.209576919674873352e-02
5.449380278587341309e-01
-2.405120372772216797e+00
-3.188863098621368408e-01
-2.514989614486694336e+00
-2.614694356918334961e+00
-1.987916588783264160e+00
-2.664316415786743164e+00
-1.411096572875976562e+00
-7.785388231277465820e-01
-2.629027366638183594e-01
1.681806445121765137e-01
6.769077777862548828e-01
-1.158251047134399414e+00
-3.280890882015228271e-01
-1.207855939865112305e+00
-2.856517732143402100e-01
-8.821641802787780762e-01
-1.051715493202209473e+00
9.413493424654006958e-02
-3.652436971664428711e+00
-3.369674682617187500e-01
-1.811135001480579376e-02
-7.277952432632446289e-01
-7.033877968788146973e-01
-7.765706777572631836e-01
-1.388199860230088234e-03
-9.712187945842742920e-02
-1.265285253524780273e+00
-3.570410966873168945e+00
-8.532034158706665039e-01
-3.268774747848510742e+00
-1.604739904403686523e+00
5.431523546576499939e-02
-1.448685526847839355e+00
-2.311395406723022461e+00
-1.300421118736267090e+00
-2.173041582107543945e+00
7.180173695087432861e-02
4.470876157283782959e-01
-1.624341845512390137e+00
-1.123427510261535645e+00
-7.966698408126831055e-01
-4.313071668148040771e-01
-1.955545783042907715e+00
-1.238126516342163086e+00
-2.823446989059448242e+00
-1.257072806358337402e+00
-2.079395055770874023e+00
-1.848010063171386719e+00
-8.724208474159240723e-01
-1.569605112075805664e+00
-9.710107445716857910e-01
3.340868353843688965e-01
-8.069295287132263184e-01
-1.283056378364562988e+00
2.223016470670700073e-01
-1.576391935348510742e+00
-7.249771952629089355e-01
4.025771915912628174e-01
-5.674045085906982422e-01
-7.706877589225769043e-01
2.819660492241382599e-02
-5.059651136398315430e-01
-8.274922370910644531e-01
-4.660165607929229736e-01
-7.920654416084289551e-01
-2.510367870330810547e+00
-1.422185659408569336e+00
-1.127674430608749390e-02
-2.765269279479980469e+00
-8.993763327598571777e-01
-2.492774486541748047e+00
-3.731789290904998779e-01
2.597171366214752197e-01
-1.306722879409790039e+00
-1.181974649429321289e+00
-2.322691380977630615e-01
-1.985258422791957855e-02
-2.305871009826660156e+00
-1.617282390594482422e+00
-9.960684180259704590e-01
8.315990678966045380e-03
-1.068251132965087891e+00
-4.280082285404205322e-01
-8.045690059661865234e-01
-1.498414397239685059e+00
-1.176875948905944824e+00
-1.807088017463684082e+00
-1.495983600616455078e+00
-1.179765224456787109e+00
-3.751607239246368408e-02
-2.170046329498291016e+00
-1.392065405845642090e+00
-1.881671428680419922e+00
-5.652873516082763672e-01
-1.150181531906127930e+00
-2.640406601130962372e-02
-5.300986170768737793e-01
-7.341545820236206055e-02
-2.142257690429687500e-01
-1.056967616081237793e+00
-1.838587164878845215e+00
-2.978258132934570312e-01
7.221146021038293839e-03
-1.187289237976074219e+00
8.977707475423812866e-02
-2.157577276229858398e+00
-1.366842508316040039e+00
-1.134819984436035156e+00
-1.879276633262634277e+00
-7.393856048583984375e-01
-5.966231226921081543e-01
-1.197762131690979004e+00
-1.137050032615661621e+00
-1.842047810554504395e+00
-2.254115343093872070e+00
-7.508665919303894043e-01
-5.179409980773925781e-01
-7.679601311683654785e-01
-3.269190788269042969e-01
-9.849057197570800781e-01
-2.070309638977050781e+00
-7.254916429519653320e-01
6.749693155288696289e-01
-1.071889042854309082e+00
-2.081168651580810547e+00
-3.983578383922576904e-01
-3.704956471920013428e-01
-1.091917872428894043e+00
-2.522392749786376953e+00
-5.820232629776000977e-02
-3.298707008361816406e-01
3.752386868000030518e-01
-1.520141482353210449e+00
-1.867409706115722656e+00
-1.468848228454589844e+00
-1.466082334518432617e+00
1.603646427392959595e-01
-8.590613603591918945e-01
-1.035321354866027832e+00
-6.520500183105468750e-01
-5.400165915489196777e-01
-7.887313365936279297e-01
-6.837826967239379883e-01
-1.129072189331054688e+00
-1.452622413635253906e+00
-6.322342753410339355e-01
1.373145449906587601e-02
-2.799953222274780273e+00
-1.825327038764953613e+00
-1.847258657217025757e-01
-1.162404417991638184e+00
1.511511951684951782e-01
-5.074244141578674316e-01
9.617652744054794312e-02
-3.821521103382110596e-01
-1.243562698364257812e+00
-8.245775103569030762e-01
-2.056488037109375000e+00
-1.750427842140197754e+00
-2.825788259506225586e+00
-1.983223438262939453e+00
-1.984284520149230957e+00
-1.494570136070251465e+00
-7.217082977294921875e-01
4.136299341917037964e-02
-4.985360503196716309e-01
2.435124218463897705e-01
-2.347130328416824341e-01
-3.098048686981201172e+00
-1.787439703941345215e+00
-6.351137757301330566e-01
-1.580361574888229370e-01
-2.006367921829223633e+00
-2.162439107894897461e+00
